62 122 123
(61, 60) (61, 62)
(62, 60) (62, 62)
(63, 60) (63, 62)
(64, 60) (64, 62)
(65, 60) (65, 62)
(66, 60) (66, 62)
(67, 60) (67, 62)
(68, 60) (68, 62)
(69, 60) (69, 62)
(70, 60) (70, 62)
(71, 60) (71, 62)
(72, 60) (72, 62)
(73, 60) (73, 62)
(74, 60) (74, 62)
(75, 60) (75, 62)
(76, 60) (76, 62)
(77, 60) (77, 62)
(78, 60) (78, 62)
(79, 60) (79, 62)
(80, 60) (80, 62)
(81, 60) (81, 62)
(82, 60) (82, 62)
(83, 60) (83, 62)
(84, 60) (84, 62)
(85, 60) (85, 62)
(86, 60) (86, 62)
(87, 60) (87, 62)
(88, 60) (88, 62)
(89, 60) (89, 62)
(90, 60) (90, 62)
(91, 60) (91, 62)
(92, 60) (92, 62)
(93, 60) (93, 62)
(94, 60) (94, 62)
(95, 60) (95, 62)
(96, 60) (96, 62)
(97, 60) (97, 62)
(98, 60) (98, 62)
(99, 60) (99, 62)
(100, 60) (100, 62)
(101, 60) (101, 62)
(102, 60) (102, 62)
(103, 60) (103, 62)
(104, 60) (104, 62)
(105, 60) (105, 62)
(106, 60) (106, 62)
(107, 60) (107, 62)
(108, 60) (108, 62)
(109, 60) (109, 62)
(110, 60) (110, 62)
(111, 60) (111, 62)
(112, 60) (112, 62)
(113, 60) (113, 62)
(114, 60) (114, 62)
(115, 60) (115, 62)
(116, 60) (116, 62)
(117, 60) (117, 62)
(118, 60) (118, 62)
(119, 60) (119, 62)
(120, 60) (120, 62)
(121, 60) (121, 62)
(61, 61) (121, 61)
