40 48 35
(8, 8) (27, 19)
(11, 2) (0, 24)
(11, 3) (6, 23)
(14, 0) (6, 22)
(10, 7) (7, 23)
(11, 8) (16, 18)
(15, 13) (27, 18)
(17, 13) (28, 18)
(19, 4) (20, 21)
(20, 6) (24, 22)
(20, 9) (25, 18)
(30, 3) (22, 21)
(22, 16) (18, 17)
(7, 22) (20, 22)
(0, 22) (5, 22)
(0, 23) (5, 23)
(7, 24) (6, 25)
(2, 27) (10, 27)
(5, 25) (5, 29)
(9, 27) (10, 28)
(12, 26) (12, 31)
(12, 28) (20, 28)
(21, 28) (29, 28)
(29, 30) (26, 31)
(12, 25) (12, 27)
(34, 26) (29, 29)
(30, 32) (35, 33)
(35, 26) (35, 32)
(36, 31) (45, 31)
(36, 30) (45, 30)
(38, 30) (43, 30)
(44, 3) (37, 19)
(44, 4) (36, 19)
(44, 5) (36, 22)
(44, 6) (43, 25)
(44, 7) (37, 24)
(44, 8) (44, 28)
(44, 9) (36, 29)
(44, 10) (38, 19)
(37, 27) (44, 27)
