62 42 25
(41, 0) (0, 24)
(1, 20) (3, 22)
(14, 8) (2, 21)
(3, 6) (15, 20)
(2, 2) (7, 11)
(7, 14) (5, 17)
(5, 7) (6, 16)
(6, 14) (5, 15)
(5, 14) (8, 18)
(13, 2) (5, 10)
(5, 9) (6, 11)
(13, 1) (5, 8)
(5, 6) (16, 7)
(5, 5) (12, 18)
(17, 4) (9, 18)
(14, 5) (11, 14)
(15, 2) (14, 6)
(21, 2) (16, 5)
(15, 5) (19, 11)
(20, 18) (20, 20)
(24, 10) (21, 17)
(19, 16) (21, 16)
(26, 16) (36, 19)
(39, 3) (36, 18)
(32, 1) (36, 17)
(33, 10) (36, 16)
(36, 15) (25, 17)
(36, 14) (27, 19)
(29, 13) (29, 20)
(27, 15) (29, 19)
(27, 16) (29, 18)
(23, 8) (23, 14)
(25, 5) (23, 7)
(23, 3) (23, 6)
(25, 6) (26, 9)
(17, 15) (18, 17)
(18, 18) (22, 20)
(20, 15) (24, 19)
(38, 2) (25, 19)
(26, 19) (25, 22)
(15, 8) (18, 16)
(16, 8) (21, 13)
(25, 16) (27, 18)
(24, 15) (21, 18)
(32, 9) (30, 13)
(29, 4) (36, 10)
(31, 4) (37, 8)
(30, 6) (24, 20)
(36, 2) (40, 4)
(28, 2) (25, 15)
(28, 10) (24, 14)
(22, 8) (19, 12)
(21, 6) (20, 8)
(20, 7) (20, 11)
(20, 6) (19, 10)
(18, 2) (25, 4)
(25, 7) (29, 8)
(36, 9) (35, 11)
(31, 3) (32, 5)
(20, 2) (18, 4)
(19, 2) (18, 3)
(16, 2) (16, 4)
