40 36 20
(2, 2) (5, 7)
(10, 2) (12, 8)
(11, 2) (7, 6)
(15, 2) (5, 12)
(20, 2) (12, 6)
(24, 2) (28, 12)
(25, 2) (28, 7)
(33, 2) (29, 4)
(6, 3) (20, 17)
(15, 3) (12, 7)
(17, 3) (23, 6)
(18, 3) (28, 13)
(20, 3) (6, 4)
(29, 3) (30, 7)
(3, 4) (31, 7)
(32, 4) (30, 12)
(3, 5) (23, 11)
(32, 5) (33, 17)
(16, 6) (15, 16)
(19, 6) (15, 17)
(28, 6) (23, 13)
(4, 7) (6, 16)
(7, 7) (4, 12)
(23, 7) (17, 8)
(18, 8) (17, 11)
(23, 8) (18, 11)
(15, 9) (20, 10)
(20, 9) (25, 17)
(15, 10) (12, 11)
(7, 12) (11, 17)
(12, 12) (17, 16)
(23, 12) (32, 14)
(31, 12) (32, 15)
(7, 13) (10, 17)
(12, 13) (19, 13)
(16, 13) (18, 16)
(3, 14) (2, 17)
(3, 15) (6, 15)
(29, 15) (20, 16)
(29, 16) (24, 17)
