60 51 8
(1, 1) (3, 2)
(3, 1) (1, 2)
(4, 0) (0, 3)
(6, 1) (8, 2)
(8, 1) (6, 2)
(9, 0) (5, 3)
(11, 1) (13, 2)
(13, 1) (11, 2)
(14, 0) (10, 3)
(16, 1) (18, 2)
(18, 1) (16, 2)
(19, 0) (15, 3)
(21, 1) (23, 2)
(23, 1) (21, 2)
(24, 0) (20, 3)
(26, 1) (28, 2)
(28, 1) (26, 2)
(29, 0) (25, 3)
(31, 1) (33, 2)
(33, 1) (31, 2)
(34, 0) (30, 3)
(36, 1) (38, 2)
(38, 1) (36, 2)
(39, 0) (35, 3)
(41, 1) (43, 2)
(43, 1) (41, 2)
(44, 0) (40, 3)
(46, 1) (48, 2)
(48, 1) (46, 2)
(49, 0) (45, 3)
(1, 5) (3, 6)
(3, 5) (1, 6)
(4, 4) (0, 7)
(6, 5) (8, 6)
(8, 5) (6, 6)
(9, 4) (5, 7)
(11, 5) (13, 6)
(13, 5) (11, 6)
(14, 4) (10, 7)
(16, 5) (18, 6)
(18, 5) (16, 6)
(19, 4) (15, 7)
(21, 5) (23, 6)
(23, 5) (21, 6)
(24, 4) (20, 7)
(26, 5) (28, 6)
(28, 5) (26, 6)
(29, 4) (25, 7)
(31, 5) (33, 6)
(33, 5) (31, 6)
(34, 4) (30, 7)
(36, 5) (38, 6)
(38, 5) (36, 6)
(39, 4) (35, 7)
(41, 5) (43, 6)
(43, 5) (41, 6)
(44, 4) (40, 7)
(46, 5) (48, 6)
(48, 5) (46, 6)
(49, 4) (45, 7)
